, Τ. LIVII ¹PATAVINI

HISTORIARUM

AB URBE CONDU'A
LIBER XXI.

w

mmmm·

(144. 1. 11411444 1144144444 ιι. 44441444 44441444 4444441114, 4444 44444 1144·
41441, 4 44444 41441444 1444444 4444444, 44 jun 4444 1144411444 4444144444
4444. 4. 14 1114444414 114-11444· 44414, 44 114444404144444 4144, 1444441444
41441444. 14144144 4444444 4444 1144444414, 4441441444 4444444 404444444-
444. 4. ni 44444414 1144411441,441114444,414114,44 11444144 144414414 144444
44144444444144444444414444444411444444. 4114441144114144441444414-
44444, 44 41414. 4. 1144411441 014444414444440444444444, 4444444444
44444 1144444 4444144 444444 4444441444, nomnen- 444144, 414414. 0.
044111444441414444404444414444414441444444. 111 4444 4144444444 1111
44414444 4444411444444444,441 1444444 44 1144414414· 44444 1444 044-
444414444 44144444. 1. 0. 84444444 4444 4444444 41 4444 4444444444 4444
41414414, 44 1444 1144444444 444 4414444444. 4. 144441 1144.444 44414-
444444, 44 Carthaginem 4444. 101141 114444 4444 44444444 14444414 44
1444444444 4414. 11. 0444444 04441444. 44444 444414 114441141114444.
04444441 14 1444 44144 4444 1444411444 14441444 4444444, 444 jum 14144444
144414 44441444. 0444441 044444441444444414444444. 14. 444 8444441
4444444444, 44 441444 44414 4444 44444444 444 41444444 44 41444444.Ι 11.
1114 444444 4444 1444444444 1414 44444 44414 conditione· 41444 44 444444.
14. 11411444 4441414 444141 44 444444 14144444444141444. Mox expugna·
44444144, 4444444444 44144444 144444144444. 10. (14444 04444444 4444
1444441 44444 444444 444444. 10. 1144444444 444444, 4144414οωὶ4
4441444444, 44444 4441441 114 4441111, 144 14 144444 44 444444 44 nm·
444444.

11. 114114444114444414 4444444, 44 44414 441444414144444414444 P. 044444·
1448414144444 4411. 0444444144 14444444444144. 10. 144441414444·

 

